681
1 122
1 4
1 58
1 46
2 74
1 50
1 11
1 170
1 5
1 56
1 14
1 15
1 84
1 53
1 211
2 1
1 286
1 16
1 169
1 109
1 27
1 17
2 43
1 7
1 31
2 39
2 131
1 21
1 69
1 21
1 55
1 7
1 279
1 143
2 31
1 49
1 90
1 14
2 41
1 52
1 203
1 27
1 233
1 15
2 33
1 46
1 22
1 200
1 128
1 95
1 53
1 95
1 3
1 62
1 129
1 107
1 57
1 132
1 18
1 92
1 44
1 8
1 7
1 61
1 6
1 122
1 82
2 39
2 96
1 118
1 85
1 47
1 16
1 173
1 61
1 1
1 148
1 58
1 44
1 39
1 76
1 11
1 66
1 157
1 134
1 119
1 65
1 49
2 185
2 282
1 7
1 138
1 245
2 195
1 22
1 24
1 94
2 127
1 89
1 5
1 7
1 59
1 276
1 11
1 3
1 44
1 14
1 118
1 176
1 81
1 53
1 144
1 137
1 157
1 229
2 2
1 89
1 122
1 24
1 115
1 123
1 51
1 4
1 44
1 3
1 7
1 78
1 3
1 8
2 20
1 46
1 38
1 32
2 1
1 28
1 2
1 8
1 133
1 32
1 101
1 280
1 278
1 4
1 128
1 31
1 41
1 209
1 181
1 101
1 66
1 89
1 84
1 94
1 168
1 18
1 170
2 5
2 59
1 242
1 177
1 2
1 128
1 145
1 29
2 271
1 16
1 226
1 217
1 37
1 109
1 56
1 51
1 70
1 171
1 82
1 52
1 123
1 18
1 112
1 168
1 76
1 4
1 137
1 208
1 32
1 225
1 26
1 205
1 65
1 177
1 115
1 44
1 28
2 12
1 75
1 26
1 69
1 9
1 157
1 77
1 282
1 2
1 100
1 17
1 68
1 60
1 20
1 5
1 33
1 3
1 29
1 84
1 25
1 9
1 46
1 60
1 114
2 316
1 62
1 86
1 8
1 55
1 191
1 34
1 1
2 55
1 21
1 95
1 127
1 137
1 79
1 230
1 148
1 159
1 27
1 60
1 32
1 102
1 28
1 7
1 55
1 4
1 70
1 270
1 60
1 37
1 6
1 33
1 40
1 180
1 65
1 3
1 70
1 274
1 13
1 264
1 149
1 28
1 1
1 263
2 206
1 22
1 38
1 29
1 149
1 7
1 39
1 26
1 124
1 14
1 132
1 57
1 184
1 168
1 86
1 75
1 34
1 5
1 101
1 9
1 144
1 170
1 108
1 194
1 64
1 29
1 79
1 46
1 62
1 148
1 112
1 154
1 102
1 40
1 78
1 138
1 1
1 14
1 80
2 14
1 20
1 30
2 4
1 15
1 68
1 66
1 23
1 164
1 74
1 37
1 110
1 10
1 11
1 7
1 45
1 267
1 31
1 66
1 4
1 216
1 103
1 40
1 137
1 105
1 116
1 48
1 48
2 104
2 256
1 51
2 42
1 13
1 11
2 12
1 24
1 215
1 14
1 195
1 152
1 25
1 21
1 70
1 22
1 13
1 258
1 1
1 188
1 80
1 132
2 166
1 97
1 129
1 16
1 85
1 7
1 168
1 189
1 87
2 17
1 56
2 52
1 81
1 99
1 3
1 125
1 117
1 4
2 26
1 4
1 17
1 22
1 157
1 27
1 63
1 97
1 6
1 22
2 1
1 1
1 18
1 16
1 30
1 68
1 9
2 18
1 114
1 89
1 240
1 70
1 123
1 3
1 65
1 135
1 220
1 36
1 136
1 87
1 1
1 225
1 21
1 40
1 18
1 7
1 16
2 180
1 178
1 13
1 33
1 61
1 44
1 163
2 61
1 81
1 57
1 89
1 42
1 19
2 173
1 316
1 51
1 65
1 44
1 207
1 51
1 30
1 182
1 92
1 253
1 93
1 31
1 73
2 246
1 171
1 217
1 1
1 167
1 106
1 252
1 130
1 131
1 23
1 31
1 13
1 104
1 109
1 40
1 15
2 7
1 183
1 14
1 264
1 210
1 5
1 55
1 118
1 158
1 5
1 24
1 5
1 65
1 5
1 120
1 157
1 32
1 23
1 95
2 8
2 231
1 8
1 28
1 39
1 54
1 12
1 284
1 57
1 83
1 29
1 131
1 201
1 13
1 104
1 141
1 78
2 20
1 32
1 17
1 24
1 159
1 15
1 26
1 218
1 72
1 88
1 51
1 5
1 43
1 203
1 35
2 181
1 78
2 61
1 28
1 145
1 4
1 80
1 150
1 27
1 27
1 206
1 106
1 92
1 219
1 13
1 266
1 42
1 87
1 46
1 8
2 97
1 218
1 102
1 117
1 137
1 70
1 1
1 108
1 62
1 60
2 147
1 310
2 26
1 97
1 182
2 239
1 95
1 37
1 77
1 39
1 119
1 32
1 1
1 169
1 57
1 144
1 13
1 92
1 48
1 3
1 4
1 64
1 194
1 160
1 142
2 294
2 69
1 172
1 137
1 204
1 72
1 29
2 14
1 2
1 104
1 40
1 17
1 185
1 82
1 66
2 1
1 85
1 126
1 112
1 194
1 154
1 21
1 25
2 13
1 36
1 150
1 188
1 83
1 49
1 119
1 111
1 121
1 38
1 228
1 122
1 103
1 226
1 124
1 17
2 85
1 93
1 115
1 7
1 107
1 145
2 92
1 68
1 37
1 141
1 37
1 54
1 222
2 18
1 16
1 76
1 8
1 107
1 63
1 62
1 25
1 84
1 3
1 3
1 41
1 222
2 206
1 3
1 25
1 25
1 284
1 156
1 69
1 136
1 7
1 24
1 19
1 14
1 23
1 12
1 38
1 24
1 27
1 72
2 118
1 140
1 44
1 46
1 18
1 38
1 115
1 253
1 139
1 3
1 50
1 53
1 167
1 108
1 155
1 88
1 52
1 135
1 20
1 36
1 89
1 7
1 180
2 125
2 102
1 1
1 1
2 69
1 18
1 7
1 11
1 210
1 44
1 90
1 65
1 186
2 14
2 92
1 7
1 110
1 217
1 18
1 255
1 117
1 108
